Seleziona periodo	2022
Sesso	maschi	femmine	totale
		
Territorio				

Italia		28 818 956	30 211 177	59 030 133
Italia	
Nord-ovest		7 741 607	8 090 334	15 831 941
Nord-ovest	
Piemonte		2 073 845	2 182 505	4 256 350
Piemonte	
Torino		1 071 211	1 137 159	2 208 370
Vercelli		80 981	85 102	166 083
Novara		176 589	185 327	361 916
Cuneo		287 148	293 007	580 155
Asti		102 337	105 949	208 286
Alessandria		198 584	208 680	407 264
Biella		82 057	87 970	170 027
Verbano-Cusio-Ossola		74 938	79 311	154 249

Valle d'Aosta / Vallée d'Aoste		60 413	62 947	123 360
Valle d'Aosta / Vallée d'Aoste	
Valle d'Aosta / Vallée d'Aoste		60 413	62 947	123 360

Liguria		725 821	783 406	1 509 227
Liguria	
Imperia		101 270	107 400	208 670
Savona		128 958	139 080	268 038
Genova		391 116	426 286	817 402
La Spezia		104 477	110 640	215 117

Lombardia		4 881 528	5 061 476	9 943 004
Lombardia	
Varese		427 977	449 691	877 668
Como		292 781	302 160	594 941
Sondrio		88 067	90 717	178 784
Milano		1 564 438	1 650 192	3 214 630
Bergamo		548 284	554 713	1 102 997
Brescia		620 830	632 327	1 253 157
Pavia		262 099	272 407	534 506
Cremona		173 826	177 828	351 654
Mantova		199 603	204 873	404 476
Lecco		164 165	168 292	332 457
Lodi		112 645	114 682	227 327
MonzaBrianza		426 813	443 594	870 407

Nord-est		5 657 451	5 883 881	11 541 332
Nord-est	
Trentino Alto Adige / Südtirol		530 469	543 105	1 073 574

Provincia Autonoma Bolzano / Bozen		264 129	268 487	532 616
Provincia Autonoma Bolzano / Bozen	
Bolzano / Bozen		264 129	268 487	532 616

Provincia Autonoma Trento		266 340	274 618	540 958
Provincia Autonoma Trento	
Trento		266 340	274 618	540 958

Veneto		2 380 743	2 467 002	4 847 745
Veneto	
Verona		454 838	469 186	924 024
Vicenza		421 557	430 582	852 139
Belluno		96 883	101 793	198 676
Treviso		433 027	444 863	877 890
Venezia		407 415	429 501	836 916
Padova		455 085	474 113	929 198
Rovigo		111 938	116 964	228 902

Friuli-Venezia Giulia		582 704	611 943	1 194 647
Friuli-Venezia Giulia	Udine		252 116	266 326	518 442
Gorizia		67 999	69 900	137 899
Trieste		110 369	118 464	228 833
Pordenone		152 220	157 253	309 473

Emilia-Romagna		2 163 535	2 261 831	4 425 366
Emilia-Romagna	
Piacenza		139 375	144 060	283 435
Parma		220 623	228 293	448 916
Reggio nell'Emilia		259 875	265 711	525 586
Modena		345 567	356 184	701 751
Bologna		489 835	520 977	1 010 812
Ferrara		164 303	175 270	339 573
Ravenna		188 427	197 204	385 631
Forlì-Cesena		191 340	199 953	391 293
Rimini		164 190	174 179	338 369

Centro		5 685 827	6 038 208	11 724 035
Centro	
Toscana		1 776 806	1 886 385	3 663 191
Toscana	Massa-Carrara		91 522	96 961	188 483
Lucca		185 327	197 137	382 464
Pistoia		140 180	149 234	289 414
Firenze		475 874	511 386	987 260
Livorno		158 108	169 154	327 262
Pisa		203 533	213 508	417 041
Arezzo		163 835	171 091	334 926
Siena		126 414	134 795	261 209
Grosseto		105 417	111 592	217 009
Prato		126 596	131 527	258 123

Umbria		415 195	443 617	858 812
Umbria	
Perugia		310 134	330 348	640 482
Terni		105 061	113 269	218 330

Marche		725 470	761 680	1 487 150
Marche	
Pesaro e Urbino		171 326	178 492	349 818
Ancona		224 705	236 982	461 687
Macerata		148 680	156 306	304 986
Ascoli Piceno		98 285	104 080	202 365
Fermo		82 474	85 820	168 294

Lazio		2 768 356	2 946 526	5 714 882
Lazio	
Viterbo		151 710	157 027	308 737
Rieti		75 329	75 814	151 143
Roma		2 028 829	2 188 045	4 216 874
Latina		281 053	286 386	567 439
Frosinone		231 435	239 254	470 689

Sud		6 601 628	6 910 455	13 512 083
Sud	
Abruzzo		624 162	651 788	1 275 950
Abruzzo	
L'Aquila		143 291	145 665	288 956
Teramo		146 699	152 947	299 646
Pescara		151 743	161 888	313 631
Chieti		182 429	191 288	373 717

Molise		144 013	148 137	292 150
Molise	
Campobasso		104 116	107 470	211 586
Isernia		39 897	40 667	80 564

Campania		2 747 577	2 876 843	5 624 420
Campania	
Caserta		443 850	461 195	905 045
Benevento		129 800	135 255	265 055
Napoli		1 454 640	1 533 736	2 988 376
Avellino		197 188	204 263	401 451
Salerno		522 099	542 394	1 064 493

Puglia		1 910 909	2 012 032	3 922 941
Puglia	
Foggia		295 178	303 850	599 028
Bari		598 422	628 362	1 226 784
Taranto		272 000	287 892	559 892
Brindisi		184 396	196 877	381 273
Lecce		372 760	402 588	775 348
Barletta-Andria-Trani		188 153	192 463	380 616

Basilicata		266 478	274 690	541 168
Basilicata	
Potenza		172 091	177 525	349 616
Matera		94 387	97 165	191 552

Calabria		908 489	946 965	1 855 454
Calabria	
Cosenza		330 569	343 974	674 543
Catanzaro		167 694	175 979	343 673
Reggio di Calabria		254 337	267 790	522 127
Crotone		80 911	82 642	163 553
Vibo Valentia		74 978	76 580	151 558

Isole		3 132 443	3 288 299	6 420 742
Isole	
Sicilia		2 353 773	2 479 556	4 833 329
Sicilia	
Trapani		205 214	212 006	417 220
Palermo		585 637	623 354	1 208 991
Messina		291 475	311 754	603 229
Agrigento		202 481	213 406	415 887
Caltanissetta		121 966	129 749	251 715
Enna		75 786	80 944	156 730
Catania		523 886	553 629	1 077 515
Ragusa		157 045	159 097	316 142
Siracusa		190 283	195 617	385 900

Sardegna		778 670	808 743	1 587 413
Sardegna	
Sassari		234 414	242 102	476 516
Nuoro		98 680	101 696	200 376
Cagliari		203 718	217 970	421 688
Oristano		74 645	77 010	151 655
Sud Sardegna		167 213	169 965	337 178